mean_val_perf = 0.802057
mean_ind_qt = 106.371094
mean_val_perf - mean_perf = 0.002807
mean_perf - mean_all_perf = 0.000204
mean_best_ind = [1, 5, 7, 8, 9, 11, 13, 16, 19, 24, 28, 29, 31, 33, 35, 36, 41, 42, 43, 46, 47, 48, 49, 53, 56, 57, 62, 65, 68, 71, 72, 75, 76, 77, 78, 79, 82, 84, 85, 87, 91, 92, 94, 95, 98, 100, 107, 110, 114, 115, 116, 123, 124, 125, 127, 128, 129, 131, 133, 137, 138, 139, 142, 144, 145, 148, 150, 151, 152, 154, 155, 157, 163, 164, 165, 167, 171, 172, 175, 176, 177, 178, 179, 181, 182, 183, 184, 187, 188, 190, 191, 193, 194, 196] (94)